          0.09          0.18          1.00
          0.35          0.46          1.00
          0.50          0.53          1.00
          1.05          0.73          1.00
          2.73          0.84          1.00
          6.18          0.93          1.00
          6.47          0.92          1.00
          6.58          0.93          1.00
          0.09          0.30          2.00
          0.35          0.37          2.00
          1.02          0.71          2.00
          1.86          0.80          2.00
          3.68          0.90          2.00
          4.60          0.94          2.00
          1.44          0.82          3.00
          3.29          0.89          3.00
          4.68          0.90          3.00
          6.15          0.90          3.00
          0.06          0.12          4.00
          0.02          0.22          4.00
          0.03          0.19          4.00
          0.29          0.34          4.00
          0.83          0.55          4.00
          1.52          0.78          4.00
          2.24          0.85          4.00